,Date,7,8,9,10,11,12,13,14,15,16,17,18,19,20,21,22,23,24,25,26,27,28,29,30
0,2014-01-02,14.256208427487639,14.291240132816768,14.327030074546755,14.363189874062138,14.399479289776353,14.4357499834226,14.471910631081679,14.507905277097722,14.54369990426184,14.579274101604225,14.61461589488874,14.649718539338776,14.684578529787512,14.719194366152987,14.75356578753817,14.78769329707916,14.821577867181668,14.855220756675298,14.888623397404622,14.921787323900581,14.954714129779942,14.987405440727333,15.01986289776538,15.052088146907643
1,2014-01-03,14.059656589818045,14.098363843509233,14.13688907758624,14.175197579652927,14.21326856387582,14.251089876331768,14.288654711314637,14.325959574833918,14.363003021618685,14.399784871847487,14.436305725402953,14.47256666065025,14.508569047656565,14.544314432386383,14.579804464915533,14.61504085494533,14.65002534424789,14.684759689611912,14.719245652300522,14.75348499154768,14.787479460559016,14.821230804065678,14.854740756841101,14.888011042814746
2,2014-01-06,13.928003206654886,13.968670164765847,14.008715213088703,14.04826864183675,14.087411994063103,14.12619658217544,14.164654968969359,14.202808086376002,14.240669649414208,14.278248893058855,14.31555226924853,14.352584499136887,14.389349225568523,14.425849417677465,14.462087621791301,14.498066117038293,14.533787011866172,14.569252303923511,14.604463917224159,14.639423725225969,14.674133565175593,14.708595247037593,14.742810559065388,14.776781271289753
3,2014-01-07,13.529455416305268,13.575005383821047,13.619020785810694,13.66197235719283,13.704152664542764,13.745743839848435,13.786859561971884,13.827571076823684,13.867923324722286,13.907944936180686,13.947654427340552,13.98706403994542,14.026182121397552,14.065014599957587,14.103565899112857,14.141839504341863,14.179838314433427,14.217564859272423,14.255021434861153,14.292210187043056,14.329133163431838,14.365792345634027,14.402189669257123,14.438327036346989
4,2014-01-08,13.419028221994537,13.464998276039601,13.509534132466538,13.553066592227287,13.595863474191164,13.638091578438011,13.67985508987981,13.7212193800801,13.762225759175216,13.802900618853636,13.843261099027792,13.883318599961353,13.923080959053653,13.962553800005697,14.001741369044924,14.04064705323922,14.079273701776073,14.117623825123296,14.155699718502955,14.193503538455927,14.231037350332674,14.26830315776446,14.305302920966133,14.342038568116646
5,2014-01-09,13.3833598075429,13.42891949519596,13.473281849820872,13.516787057263464,13.559646783060026,13.601993030952636,13.643908425077425,13.685444978682414,13.726635726881213,13.767501936588646,13.808057575226144,13.848312080432606,13.888272076750741,13.927942439656327,13.967326955075112,14.006428728185721,14.045250436831552,14.083794488622225,14.122063118342254,14.160058448362284,14.197782526119328,14.235237347384288,14.272424870720243,14.309347026480594
6,2014-01-10,12.898123430485612,12.949119934420626,12.998000133284544,13.045445636840139,13.091879775572984,13.1375657951044,13.182667716040523,13.227288054273721,13.271491199649565,13.315317905847998,13.35879427109367,13.401937304343187,13.444758375188627,13.487265352111635,13.529463927791516,13.571358440558145,13.612952383560707,13.654248720385947,13.69525008071563,13.735958881633383,13.776377402849558,13.816507833364692,13.856352300430666,13.895912887539875
7,2014-01-13,13.478268857559966,13.520538102945851,13.562627691761087,13.604492597285311,13.646105713860404,13.687451040045598,13.72851945262421,13.769306086782485,13.809808712018366,13.850026725342731,13.889960527164604,13.92961113441713,13.968979940758311,14.008068567948996,14.046878773754965,14.085412394890321,14.123671311684102,14.161657426213704,14.199372648786644,14.236818889597547,14.273998053593168,14.310912037325947,14.347562727040073,14.383951997521365
8,2014-01-14,12.9440928929586,12.993392161303323,13.041099607438037,13.087698199713287,13.133488177763494,13.178656510047153,13.223319947368818,13.26755170978588,13.311398028616379,13.354888400098519,13.398041941197143,13.440871329313246,13.483385244367788,13.525589882577124,13.567489894813239,13.609088968290727,13.650390187168439,13.691396256110359,13.73210963890107,13.772532644407217,13.812667479900938,13.852516284152234,13.892081147980756,13.931364127033996
9,2014-01-15,12.85040727446685,12.899899923156664,12.94794517418664,12.994969690627219,13.041238792968763,13.086917797409575,13.132110032570882,13.176880401804937,13.221269986850034,13.265305099028978,13.309002889107106,13.352374824252125,13.395428843051198,13.438170691204812,13.480604749414566,13.522734546539036,13.564563077682621,13.606093001384101,13.64732676187247,13.688266664880167,13.728914924671486,13.769273693230256,13.809345078389764,13.849131155108973
10,2014-01-16,12.957240137124415,13.004570228928666,13.051015190098928,13.09678972657224,13.142027788387143,13.186813263768771,13.231199004558633,13.275218618958379,13.318893781173642,13.362238762258135,13.405263238549452,13.447974032489036,13.490376191692068,13.532473657838704,13.574269681320299,13.615767078294464,13.656968390058658,13.697875981876756,13.738492104275906,13.778818931080746,13.818858583028247,13.858613142444561,13.898084662381512,13.937275172318637
11,2014-01-17,12.90096647395009,12.948704375051884,12.99552632305008,13.04165791323485,13.087239849337212,13.13236021036648,13.177074450675912,13.221417796689215,13.265412930833072,13.309074754328389,13.352413339364121,13.395435758991978,13.438147221396239,13.480551772992605,13.522652734273162,13.564452969998506,13.60595505671263,13.647161386614869,13.688074231983608,13.728695785148442,13.769028183306167,13.809073523942217,13.848833874428784,13.888311278013166
12,2014-01-21,13.143354848888883,13.187751477723738,13.231918942080423,13.275825835514855,13.319453531873659,13.362791321912141,13.405833398369207,13.448576986960202,13.491021187761069,13.533166256986764,13.575013161784014,13.616563304274212,13.657818350519662,13.698780124534888,13.739450542621213,13.77983157269875,13.819925209134794,13.859733457178683,13.899258323351692,13.93850180952842,13.977465909306323,14.01615260579351,14.054563870275462,14.092701661426375
13,2014-01-22,13.16412716303407,13.208590711137314,13.252737620202705,13.296570190843795,13.340090689586397,13.383301355842372,13.426204406275538,13.46880203755055,13.511096428079004,13.553089739143608,13.594784115636472,13.636181686557883,13.677284565366325,13.718094850235953,13.75861462425646,13.79884595559686,13.838790897646724,13.878451489143059,13.917829754288068,13.95692770286095,13.995747330325743,14.034290617936428,14.07255953284007,14.110556028178475
14,2014-01-23,13.742043988773462,13.779520102903163,13.817949488698787,13.856861927706902,13.895966516929922,13.93508357662916,13.974102413007676,14.012955118586204,14.051600320704805,14.090013100812563,14.128178741475667,14.166088847705822,14.203738941071151,14.241126967368759,14.278252370976194,14.315115520711633,14.351717353733449,14.388059154688616,14.424142418755222,14.459968766723971,14.49553989235904,14.53085752978144,14.56592343327201,14.60073936477807
15,2014-01-24,16.51361091639034,16.51755829451488,16.528541898672046,16.543838322332768,16.561754961722734,16.581240023338832,16.60164007950248,16.622549349284526,16.643716001834207,16.664983908510425,16.686256432273645,16.70747391685952,16.728599692619866,16.749611376872963,16.770495465662005,16.791243971664883,16.81185233412342,16.832318119541725,16.85264021397745,16.87281832093877,16.892852649265404,16.912743719115824,16.932492241376735,16.95209904271644
16,2014-01-27,16.655051827809086,16.66428683560129,16.67816632486762,16.694874962562313,16.713284484898054,16.732693811091586,16.752667458832363,16.772935078951257,16.793328991016203,16.81374534604423,16.83411997939779,16.85441339731868,16.87460144231049,16.894669489351077,16.914608837402117,16.93441446584682,16.954083639573025,16.973615041702278,16.993008234383264,17.012263323559413,17.031380750557513,17.050361162527334,17.069205331906744,17.087914106368373
17,2014-01-28,15.89476695855222,15.918481971211342,15.943168603744816,15.968386331208038,15.993862439720168,16.01942829315011,16.044979803840807,16.070452915399798,16.09580839642072,16.1210224091217,16.146080659759246,16.170974770565884,16.195700029542973,16.220253994840117,16.244635629174592,16.268844762997112,16.2928817615558,16.31674731842366,16.340442327462327,16.36396780343422,16.38732483278759,16.410514543155674,16.43353808446258,16.456396617227988
18,2014-01-29,16.821644421483168,16.83506745465585,16.851171787686862,16.86888524288471,16.887542435538048,16.906730582912626,16.92619375680399,16.94577342758818,16.965371544081556,16.984927607385984,17.0044044345319,17.02377931819568,17.043038537199042,17.062173947732095,17.0811808666362,17.10005675701274,17.118800412049385,17.137411448222597,17.155889990612383,17.17423647751217,17.192451539116867,17.210535922210813,17.228490443420064,17.24631596020199
19,2014-01-30,17.000901127807825,17.014921182625475,17.030941115480207,17.048149918154174,17.066044495506475,17.08431290218093,17.10276185594591,17.12127173797777,17.139768657045348,17.15820710696822,17.176559200381696,17.194807985074448,17.212943294788147,17.230959173411488,17.24885227593781,17.266620875797543,17.284264248628237,17.301782289736984,17.319175276638983,17.336443721659297,17.353588280445727,17.37060969519121,17.38750875940373,17.404286296052856
20,2014-01-31,17.79570730074644,17.801846969365144,17.8110139964388,17.82202060146684,17.834130129068058,17.846885813425235,17.860004538615307,17.873310924340014,17.886696430746746,17.90009398584467,17.913462243605398,17.926775817229586,17.940019219586006,17.95318310369166,17.966261930206443,17.979252520290334,17.99215315776611,18.004963032087517,18.017681892753348,18.030309834908813,18.04284716633933,18.05529432496257,18.067651827650955,18.079920238492537
21,2014-02-03,19.858374193151555,19.84189030268623,19.831995558827824,19.826177184783305,19.822879813357577,19.821140704137964,19.82036394660513,19.820180694133075,19.820362650243233,19.820768517467688,19.82131084973552,19.821935534334553,19.822609091453074,19.82331081272488,19.824027895068614,19.82475242858412,19.825479532091432,19.82620619904897,19.82693058318931,19.827651556335724,19.828368434695825,19.829080809440892,19.82978844183692,19.830491198332595
22,2014-02-04,18.924246917233774,18.925846401837713,18.92940282358143,18.934152701678066,18.939623295775117,18.9455219397586,18.951667498699447,18.95794791551107,18.964293916729808,18.970662726733067,18.977027980859965,18.983373477931465,18.989689310770295,18.99596946957697,19.002210357545117,19.008409871488297,19.014566832416616,19.020680632860834,19.026751018442866,19.03277795259403,19.038761532772362,19.044701938576658,19.05059939961634,19.05645417561733
23,2014-02-05,19.43504005474352,19.432160221549438,19.43166313493404,19.4326333690929,19.434503669229926,19.436922554324347,19.439672265741528,19.442617916998827,19.445675980024955,19.448794754949308,19.4519422665218,19.455098763086387,19.458252067924832,19.461394698318408,19.46452208012873,19.46763144131177,19.470721126191474,19.47379017049343,19.476838037981043,19.47986445724259,19.482869320545486,19.485852621155782,19.48881441449595,19.49175479407614
24,2014-02-06,17.933687890254717,17.95189922618173,17.968066874456067,17.982929786179525,17.99694727000451,18.010404912142896,18.023480376429752,18.03628428091461,18.04888559139367,18.061327396494207,18.073636707548395,18.085830546522885,18.09791972799945,18.109911208644768,18.121809546770038,18.13361780905687,18.145338133849606,18.156972081098324,18.168520849764068,18.1799854128883,18.191366601513383,18.202665156827926,18.213881762572615,18.225017065183295
25,2014-02-07,16.53281261271172,16.56723693988146,16.596922395073143,16.6235973619993,16.648338566426716,16.67181693156819,16.694450676805186,16.716500655116725,16.73812972148197,16.75943970270459,16.780494419227946,16.801334021266886,16.821983916203518,16.842460327862998,16.862773758398454,16.882931144091685,16.902937197830944,16.922795245117296,16.94250774468172,16.96207661270335,16.981503424726338,17.00078954141729,17.01993618689662,17.038944497536665
26,2014-02-10,16.193305236101764,16.227808583873365,16.258384528888577,16.286446744456466,16.31287698720891,16.3382254130772,16.362835454463482,16.38692166879794,16.410618269418467,16.43400937978552,16.457147894008703,16.480067234538474,16.502788681944377,16.525325944328266,16.54768800592344,16.5698809029367,16.59190883063257,16.613774833513183,16.635481235599475,16.657029908691143,16.67842243962232,16.699660234550855,16.72074458399422,16.74167670339461
27,2014-02-11,15.55526376758525,15.59457973942558,15.629722038885719,15.662179875091933,15.692884462194147,15.722418297384204,15.751145946987856,15.77929577986517,15.807011045854683,15.83438179672974,15.86146483488705,15.88829618009416,15.914898860477477,15.941287781444146,15.9674727684897,15.9934604687949,16.0192555396349,16.044861391089157,16.0702806502162,16.095515451160633,16.12056761647812,16.145438770478105,16.170130410081487,16.194643949127556
28,2014-02-12,15.210260135130698,15.250403522555938,15.286917294387466,15.321078745884105,15.353687372139483,15.38524381659011,15.416061797119331,15.446338111976322,15.476196426075923,15.505714657837585,15.53494210873123,15.563910177242477,15.592639060114951,15.62114194377361,15.649427625943314,15.67750215540887,15.70536985765647,15.733033976405082,15.760497074890155,15.787761286880531,15.814828473708511,15.841700322514205,15.86837840772127,15.894864229514958
29,2014-02-13,14.947903730226745,14.988324158910078,15.025654165704921,15.06096398944755,15.094923839892695,15.127953647564295,15.160316753487903,15.192178525394231,15.223643030472246,15.25477597939188,15.285619081064988,15.316199023608688,15.346533093238442,15.376632689710696,15.406505525759734,15.436157003186615,15.465591073827454,15.49481077824063,15.52381858276146,15.552616590406968,15.581206672855886,15.60959055304981,15.63776985690071,15.66574614566991
30,2014-02-14,14.467407978133831,14.511446812086714,14.552202331470214,14.590808664714844,14.627976047657645,14.664149508615026,14.699608147561767,14.734527248825511,14.769017141078724,14.803147509595386,14.836962606915987,14.870490769226041,14.90375037018195,14.936753545874339,14.969508525333806,15.002021088613144,15.034295479049478,15.0663349740413,15.0981422421798,15.129719566715435,15.161068985398753,15.19219237800168,15.223091521105568,15.253768122409925
31,2014-02-18,14.488504066050364,14.52956149907142,14.568413830462777,14.605791818988754,14.642153338319472,14.677785529412072,14.712868711152783,14.747516365440454,14.781800153485479,14.815765567039417,14.849441720463203,14.882847477069904,14.915995282043077,14.94889356049704,14.981548217832414,15.01396357845152,15.046142973089063,15.078089106302244,15.109804286419628,15.141290569438492,15.172549849084646,15.203583913189147,15.234394478991282,15.264983215256745
32,2014-02-19,15.410791781549168,15.438304335005231,15.466486340967386,15.49500866566771,15.52366578484356,15.552329570106895,15.58092035160935,15.60938879852117,15.637704573247856,15.665849227124959,15.693811751978462,15.721585794695347,15.749167913112995,15.776556483945889,15.803751018995206,15.830751737010651,15.857559295632658,15.88417462357113,15.910598815548601,15.936833066544093,15.962878630645527,15.988736795310938,16.01440886527797,16.0398961525146
33,2014-02-20,15.113177582143644,15.145568698298142,15.177505681540321,15.209074489502356,15.240329527025334,15.271305445732512,15.30202452940572,15.332501316518632,15.362745493508124,15.392763705701514,15.422560690805124,15.452139988384188,15.481504383955809,15.510656186976199,15.539597404862217,15.568329851940662,15.59685521766865,15.625175109361606,15.653291078965363,15.681204639841281,15.708917277300312,15.736430455224331,15.763745620238302,15.79086420434928
34,2014-02-21,15.01668363241067,15.050292078425922,15.08321821486147,15.115631833818131,15.147639791321495,15.179309559367635,15.210683962656072,15.241790399511645,15.272646611519605,15.303264293663046,15.333651353245406,15.363813323346838,15.393754247265564,15.423477231950114,15.452984794316333,15.482279077970524,15.511361988844504,15.540235280092942,15.568900605243536,15.597359551482512,15.625613660510423,15.653664441620394,15.681513379909674,15.709161941445856
35,2014-02-24,14.724099216281385,14.761203069339372,14.797001933228927,14.8318941641835,14.866129514124552,14.899864804947677,14.93319874283522,14.966193688397157,14.998889270022222,15.03131089662001,15.063475080846846,15.095392767861185,15.127071416895244,15.158516302936725,15.189731330729005,15.22071954381386,15.251483442877692,15.282025184851136,15.312346707441044,15.342449807033596,15.372336187439164,15.402007490403738,15.431465314718373,15.460711228198521
36,2014-02-25,14.321249818280029,14.362696249714014,14.402168427629963,14.440309166567147,14.477520938445583,14.514055991428162,14.550072675965202,14.585670649682951,14.620912881146293,14.65583940266568,14.690475906099044,14.724839115426878,14.758940144748834,14.792786597130053,14.826383876454326,14.859736007391241,14.892846147924956,14.925716909727885,14.958350558433532,14.990749138843771,15.022914553218499,15.0548486102406,15.08655305565225,15.11802959143516
37,2014-02-26,14.634469047702668,14.670460555531244,14.705780249237582,14.740587800206292,14.774983688621035,14.809031386871117,14.842771227411909,14.87622907221024,14.909421732430971,14.942360356555687,14.975052548478448,15.007503691653922,15.039717776913589,15.071697920002743,15.103446685148013,15.134966287365796,15.166258718966036,15.197325828666955,15.228169371084556,15.25879103770188,15.289192476260192,15.319375302912025,15.349341109849059,15.379091470100962
38,2014-02-27,14.468482950877478,14.50639638831759,14.543306731490658,14.57949510306023,14.615137917631705,14.650346130900681,14.685189774705982,14.719713294160782,14.753945135074604,14.787903737176915,14.821601280572704,14.855046027721647,14.888243787465415,14.921198830238609,14.953914460209129,14.986393372961587,15.0186378791214,15.050650044176901,15.082431775915758,15.113984879114401,15.145311089756746,15.176412096456254,15.20728955387845,15.23794509116264
39,2014-02-28,14.406946110442195,14.445137999247056,14.48236621164591,14.518896118306008,14.554894282808874,14.590465502772556,14.625675963056693,14.660567708093733,14.69516768809531,14.729493413568797,14.763556489801482,14.797364826182996,14.830924017213093,14.86423820575736,14.897310622673128,14.930143924144954,14.962740402574864,14.995102118435677,15.027230982720722,15.059128808512805,15.090797343250394,15.122238288928061,15.153453314754797,15.184444065097766
40,2014-03-03,15.596047460222556,15.61851699439988,15.643093379513926,15.668912354546965,15.695433677995927,15.722319850359575,15.749360228238565,15.776423540936277,15.803428179110377,15.830323603775609,15.857078713547509,15.883674565805766,15.910099822197829,15.936347898820182,15.962415183052592,15.988299917819713,16.014001503476045,16.03952006100655,16.064856158737825,16.090010641361225,16.114984522974453,16.139778920180788,16.164395010253,16.188834004980585
41,2014-03-04,14.660776431813906,14.697657992540572,14.733446651972395,14.768460487194659,14.802899055688346,14.836887797187567,14.870505799214708,14.903803159540953,14.936811843364987,14.969552472589395,15.002038571344023,15.034279220841936,15.066280719554264,15.098047621387872,15.12958338491368,15.160890779375793,15.191972138609852,15.222829519855305,15.25346480309543,15.283879753207788,15.31407605885895,15.344055356856654,15.373819247407972,15.403369303690546
42,2014-03-05,14.416780254741006,14.456182609352899,14.494127221885437,14.531065137295862,14.567278957981246,14.602945999771404,14.638177766351644,14.673044621994574,14.707591212791353,14.741846105417762,14.775827811686039,14.809548554104314,14.843016619497892,14.876237830126616,14.909216463210653,14.941955825694727,14.974458613525872,15.006727136245399,15.038763457397994,15.07056948232379,15.102147013062941,15.133497782704353,15.16462347688612,15.195525747265211
43,2014-03-06,14.547548927454573,14.584335187041297,14.620336425279763,14.655753621369609,14.69071307100262,14.725294382763575,14.759547977829563,14.793506028512855,14.827189295632154,14.8606114023709,14.89378150576447,14.926705966595616,14.959389393226365,14.99183529409711,15.024046485615747,15.056025347148621,15.087773980439394,15.119294309288628,15.15058814189199,15.1816572098373,15.212503192511573,15.243127732388034,15.273532444612322,15.303718923025034
44,2014-03-07,14.487077569216915,14.524329472115157,14.560760567041338,14.596584269490869,14.63193466203727,14.666896231400834,14.701522457121236,14.735847431368988,14.769893122522404,14.803673915662717,14.837199450870822,14.870476397479795,14.90350956319328,14.93630258742835,14.968858374756923,15.001179365882564,15.033267707060464,15.065125356034013,15.096754148287683,15.128155838493399,15.159332126450163,15.19028467333015,15.221015111865182,15.251525052745107
45,2014-03-10,14.52204515516928,14.558509837506808,14.594361409672011,14.629736051151188,14.664719560715096,14.699366238962705,14.733710691970975,14.767775209876342,14.801574379313681,14.835117966719217,14.868412720737723,14.901463498953689,14.934273972252294,14.966847065153434,14.999185231100377,15.031290624577101,15.06316520873229,15.094810822687808,15.12622922364545,15.157422113239658,15.188391154042073,15.219137979909693,15.249664202484391,15.279971415286424
46,2014-03-11,14.88429286368164,14.915983413883616,14.947989335177208,14.980104902044,15.012202120100408,15.044201589150202,15.076054286350162,15.107730176797867,15.139211092728313,15.170486281510057,15.201549622215543,15.232397885409409,15.263029645172427,15.293444598912984,15.323643142133339,15.353626102597318,15.383394574158011,15.412949812894215,15.442293172203042,15.471426062248316,15.50034992463636,15.529066216611985,15.557576401206425,15.58588194110634
47,2014-03-12,14.75079666830743,14.784921031880883,14.818752950596854,14.852312359186797,14.885612363861288,14.918661797189031,14.951466815377952,14.98403189688916,15.016360466778698,15.048455287053143,15.080318700742598,15.111952784521124,15.143359444153026,15.174540474195048,15.20549759535201,15.236232477861684,15.266746756145277,15.29704203799718,15.32711991036054,15.356981942968195,15.38662969064885,15.416064694798575,15.445288484330284,15.474302576296639
48,2014-03-13,15.806826583470357,15.827539676249499,15.850471350268874,15.8747193870723,15.899719803669193,15.925120240260554,15.950700741594975,15.976324191534626,16.0019053010188,16.027391204502834,16.052749319578822,16.077959751018202,16.103010538164526,16.127894681351243,16.152608281418257,16.177149375671164,16.201517209589966,16.225711781177047,16.249733555889673,16.273583288303527,16.29726191055544,16.320770462568344,16.344110048418255,16.36728180905768
49,2014-03-14,16.9875263474076,16.995534821244377,17.007696481483617,17.022406575639955,17.038660847753317,17.05583096997225,17.073523955275373,17.091494145178324,17.109588111130176,17.12771016097399,17.14580074486273,17.16382293666313,17.18175397088347,17.199579944527308,17.217292500296054,17.234886750181612,17.252359975584397,17.269710813561872,17.28693874741088,17.304043787772898,17.321026273012855,17.33788674426703,17.354625867236205,17.371244383242683
50,2014-03-17,15.959977515349921,15.985546661781964,16.011128662224717,16.03664965789345,16.062063971781384,16.08734354147397,16.112471312975934,16.137437110811206,16.1622350561933,16.1868619529898,16.211316278714293,16.235597553758062,16.259705947082608,16.283642029738168,16.30740662079723,16.331000691062183,16.35442530289093,16.377681572601922,16.400770646994804,16.423693688695426,16.446451867017323,16.469046352271757,16.491478312233436,16.51374890995379
51,2014-03-18,15.196364385726296,15.232057786655563,15.265765149555047,15.298150684661286,15.329629632271304,15.360461801970452,15.390809967157349,15.420776319499055,15.450425226680204,15.47979743959782,15.508918961631835,15.537806585565969,15.566471350195393,15.594920698240106,15.623159823511697,15.651192511948485,15.679021666683557,15.706649635861272,15.734078417313713,15.761309786363324,15.788345375634693,15.815186724906495,15.841835312259981,15.868292573551104
52,2014-03-19,15.421908364968534,15.453200473003943,15.48363321958783,15.513451290831247,15.542807983114757,15.571799542768137,15.60048660113303,15.628907554486176,15.65708691589614,15.685040528530655,15.712778819862393,15.740308832991662,15.767635494637904,15.794762406655135,15.82169234012795,15.84842754381636,15.874969936715843,15.901321228281239,15.92748299349779,15.953456719767297,15.979243836200933,16.00484573192996,16.030263767561244,16.05549928235341
53,2014-03-20,15.060950825194423,15.096428004329105,15.130332220754198,15.163169668667543,15.195257148167826,15.226793149245847,15.257902254713477,15.288662876700723,15.319124582399553,15.3493189166891,15.379266162561711,15.40897956407994,15.438467964293169,15.467737453052242,15.496792396352758,15.52563607934755,15.554271108035893,15.58269966020895,15.61092364223233,15.638944787009216,15.666764715201502,15.69438497349969,15.721807058556013,15.749032431961842
54,2014-03-21,15.269966467604542,15.301633945462392,15.332658756561765,15.363201494109031,15.393363038051614,15.423206969304365,15.452773568946176,15.482088561673734,15.51116857669603,15.540024558453311,15.568663896865605,15.597091757842549,15.625311914303312,15.65332726523183,15.681140159889258,15.708752600334014,15.736166367936667,15.763383102424376,15.790404351276704,15.8172316006037,15.84386629445824,15.87030984692461,15.896563649695175,15.922629076828883
55,2014-03-24,15.335355114485617,15.365950955173714,15.396146891752819,15.426013518999495,15.455595498262008,15.484921289825163,15.514009231380523,15.542871334421855,15.571515655348893,15.59994777639146,15.62817173056322,15.656190579378666,15.684006773699892,15.711622379134788,15.739039216839366,15.766258951484726,15.793283146224987,15.820113297055174,15.846750854296715,15.873197236043154,15.899453836584367,15.925522031694353,15.951403181959952,15.977098634885829
56,2014-03-25,14.69347807014215,14.732305179112227,14.769162603731344,14.804699550852092,14.839322132292704,14.873284629151467,14.906746491374324,14.93980793712186,14.972532186545337,15.00495934802313,15.037115090903814,15.069016062138543,15.100673269294719,15.13209419346382,15.163284108918724,15.194246907342679,15.224985612636054,15.255502702471853,15.285800309155082,15.315880345100577,15.345744581230758,15.375394695969067,15.404832305868627,15.434058984770862
57,2014-03-26,15.121004945229412,15.15289287334786,15.184407670528946,15.21560626496102,15.246524811906047,15.27718648686822,15.307606353506202,15.337794404329236,15.3677574600509,15.39750035602087,15.427026683340838,15.456339251820587,15.48544037918565,15.514332071755486,15.543016137330229,15.571494255732315,15.59976802289775,15.627838978445304,15.655708622925284,15.683378428621603,15.710849846326816,15.738124309601538,15.765203237462304,15.792088036087625
58,2014-03-27,14.976664636639955,15.010432956774395,15.043455298192669,15.07592617023827,15.10796769166682,15.13965675581429,15.171042000195255,15.202154407121192,15.233013925737232,15.263633608714057,15.294022196391637,15.324185731075286,15.354128565485999,15.383853992750204,15.413364639972134,15.442662714120516,15.471750155658604,15.500628734543014,15.529300110221214,15.557765869139477,15.586027548201809,15.614086649452544,15.641944649276297,15.669603004172844
59,2014-03-28,14.822882198127086,14.858325780447558,14.892760367335857,14.926476645197486,14.959656814992998,14.992415310361132,15.024824231240054,15.05692923039467,15.088759436582833,15.120333652852308,15.151664228188213,15.182759475874992,15.213625184098586,15.244265559538272,15.27468381678896,15.304882546559892,15.334863945691144,15.364629960857759,15.394182378360721,15.423522880242203,15.45265307936583,15.481574541357782,15.510288798340607,15.53879735754035
60,2014-03-31,14.463592450677503,14.503065160917448,14.540858331234363,14.577508536586013,14.613351563024786,14.648597790788662,14.683379274203189,14.717779145067537,14.751849976322822,14.785625250958478,14.819126524853544,14.852367900301399,14.88535881994455,14.918105811735543,14.95061357876998,14.982885679964706,15.014924955201653,15.046733790879621,15.078314285793972,15.109668354766761,15.140797793399196,15.171704318543153,15.202389593608023,15.232855244396365
61,2014-04-01,13.90627900123566,13.95169183029994,13.994509961425209,14.035604532359237,14.075520258236288,14.11459801618974,14.153051392647283,14.19101448288734,14.22857173923476,14.265776609632116,14.302663176425185,14.33925342417203,14.375561778020781,14.411597937709407,14.447368647276175,14.482878800180526,14.518132129424538,14.553131638530115,14.587879870694813,14.622379076898973,14.656631320913332,14.69063854490427,14.724402610434216,14.757925324097496
62,2014-04-02,13.760955532829968,13.806211838642145,13.849280575536442,13.890877530754393,13.931450434437608,13.971279622471563,14.010540895664947,14.04934477234483,14.08776099976659,14.125833860357075,14.16359172977021,14.201053045473662,14.238230033883172,14.27513103781666,14.311761969914588,14.3481272202677,14.384230223223067,14.420073811362993,14.455660436583294,14.490992308181209,14.52607147911954,14.56089989992909,14.595479452402477,14.629811970668438
63,2014-04-03,13.84882776054991,13.891357787291916,13.932519410853033,13.972722235928297,14.012222787415638,14.051181993298398,14.089701080213386,14.127843988690952,14.165651370523257,14.203149329541866,14.240354879885551,14.277279354484932,14.31393053354751,14.350313973739006,14.386433838234483,14.422293415084344,14.457895440946437,14.493242303277622,14.52833616662835,14.56317905154268,14.597772883862223,14.632119525548408,14.666220793963479,14.700078473944284
64,2014-04-04,14.180833675424381,14.218297241032637,14.255506220142918,14.292457497449629,14.32914983288216,14.365583152411885,14.401758105197525,14.437675787058428,14.473337567819286,14.508744983522252,14.543899669148486,14.578803316637536,14.613457648704987,14.647864402525844,14.682025319578845,14.715942139338008,14.74961659536654,14.783050412910775,14.816245307430659,14.84920298371484,14.881925135360635,14.914413444481633,14.946669581557197,14.978695205370379
65,2014-04-07,15.199763929765234,15.224395625256754,15.251168219640203,15.279197240484883,15.307930522988235,15.337023572993283,15.366261675444777,15.395511216291357,15.424689261258322,15.45374454420628,15.48264558588206,15.511373268790415,15.539916196907175,15.568267795771972,15.596424500226668,15.62438462187507,15.652147641332572,15.67971376594703,15.707083653425002,15.734258239139972,15.761238628236143,15.788026028225882,15.814621706893403,15.84102696601327
66,2014-04-08,14.991278019403065,15.021048846723568,15.051504839607029,15.082304027558342,15.113233362768357,15.144160341084698,15.175002775908712,15.205709913633978,15.236250635025826,15.266606083737923,15.29676506080475,15.326721147253679,15.356470906407239,15.386012760751477,15.415346290257826,15.444471794019558,15.47339001640101,15.50210197597056,15.530608858650337,15.55891195098694,15.587012598488629,15.614912179623321,15.642612089600862,15.670113730268145
67,2014-04-09,14.36886843012768,14.407677318099623,14.445237651113962,14.481923571233741,14.517969214898717,14.553521353708526,14.588672240976562,14.623480107184502,14.657981948662517,14.692201507436769,14.726154250486468,14.759850476708083,14.79329725561583,14.826499637074894,14.85946140617724,14.892185554297658,14.924674573053203,14.956930637758607,14.98895572192973,15.0207516687625,15.052320235765436,15.083663122640418,15.114781988710627,15.145678463825893
68,2014-04-10,15.532870304288359,15.55612707598575,15.58125152661215,15.607466625864479,15.6342875663156,15.661412066034236,15.688651849006055,15.715889846193875,15.743053462323934,15.770097877708675,15.796995618193097,15.823730040320779,15.850291262039578,15.876673620949665,15.902874086690858,15.928891269307982,15.954724799878182,15.980374943661754,16.00584235849254,16.031127943888258,16.056232746826467,16.081157902915102,16.105904599671074,16.130474053607944
69,2014-04-11,16.429751129757474,16.443682636896003,16.46083633003414,16.47994138847239,16.500204675135233,16.521131342987395,16.542412811366532,16.56385681197318,16.585343705578588,16.606799203682204,16.628177334364803,16.649449805207496,16.670599360907037,16.69161563540955,16.71249256176514,16.733226754712966,16.75381650069519,16.774261127184296,16.794560608875404,16.81471532179061,16.834725889747933,16.85459308850792,16.87431778593734,16.893900904663926
70,2014-04-14,16.1047966123552,16.126349430763323,16.149023128232354,16.172330302952936,16.195967189846645,16.219744647961623,16.24354508226971,16.26729555392711,16.290950995505174,16.314483733825263,16.337876950051086,16.361120597448906,16.384208853243805,16.40713852807096,16.429908073165354,16.452516960664468,16.47496529681099,16.4972535805334,16.5193825527725,16.541353102452053,16.563166207807086,16.584822899782452,16.60632423920778,16.627671302571507
71,2014-04-15,15.830979196449258,15.857442763828182,15.883818624724249,15.910069011487401,15.936170866339786,15.962110306131397,15.987879168634342,16.01347285761899,16.038888998308696,16.064126598472395,16.089185525011246,16.114066177398538,16.138769283946566,16.163295774711564,16.187646702217037,16.211823192013302,16.23582641185328,16.25965755248374,16.28331781568391,16.30680840682588,16.330130530256284,16.353285386438085,16.376274170190474,16.39909806961374
72,2014-04-16,14.949111537021581,14.987031656676965,15.022608875289164,15.056638862307969,15.089618741916114,15.121859335308043,15.15355520230279,15.184828348838872,15.215755501416298,15.246385126962034,15.276748053620219,15.30686409838242,15.33674620290046,15.366403014351711,15.395840495983622,15.425062932157187,15.454073555544564,15.482874938542594,15.511469237551827,15.539858345440235,15.568043986712034,15.596027776923044,15.623811259784953,15.65139593034674
73,2014-04-17,14.289081458856195,14.333620108365057,14.374895587987078,14.414037460136859,14.451751707051589,14.488479823451225,14.524498153715417,14.55997991785475,14.595033940438801,14.629728832896305,14.664108092929428,14.698199532591833,14.732021165195402,14.765584881116348,14.798898742994254,14.831968418882532,14.86479807713725,14.897390945216205,14.929749658624013,14.961876478824525,14.993773429336521,15.02544238074293,15.056885103801571,15.088103302638299
74,2014-04-21,14.04490660220672,14.089892565469828,14.132032599728698,14.172294682985742,14.21128422821625,14.249380147641142,14.28681985259978,14.323752353309747,14.360271430511954,14.396436357951185,14.432284847818853,14.467841137852295,14.503121043409298,14.538135113551583,14.572890602695699,14.60739270234436,14.641645310587208,14.675651512844214,14.709413882221085,14.742934667175435,14.776215908785318,14.809259514039905,14.842067301656776,14.874641030736287
75,2014-04-22,13.889232155641423,13.93395580713197,13.97630667522164,14.017072159596712,14.056745034970623,14.09563396073866,14.133932538108379,14.171762463693584,14.20920049607954,14.246295307170762,14.2830780125749,14.319568752038293,14.355780801572498,14.391723143143007,14.42740207049371,14.462822192655771,14.49798706107138,14.532899561515471,14.567562159040344,14.601977051074524,14.636146263127305,14.670071708627543,14.703755226349845,14.737198603834944
76,2014-04-23,13.847080037052521,13.890550365672587,13.932221528561193,13.97266498520214,14.012238599325928,14.051166745022854,14.08959036824415,14.127598272242011,14.165246669109592,14.202571398344634,14.239595562747242,14.276334300429053,14.312797767065453,14.348992999657929,14.384925081307824,14.420597869164352,14.456014449382764,14.491177421480145,14.52608907607486,14.560751505996963,14.595166675759279,14.629336465006187,14.663262695699798,14.696947149142765
77,2014-04-24,13.821390417890663,13.863953014164764,13.905117999889086,13.945305806642352,13.984779920386229,14.023705739300299,14.062187356781669,14.10029054886668,14.138057140162624,14.17551398181444,14.212678562284538,14.249562513822786,14.286173803856435,14.322518104525907,14.358599648605963,14.39442176444529,14.429987210309685,14.465298383363121,14.500357450304014,14.535166429039979,14.56972723976406,14.604041736908291,14.638111729146374,14.67193899192748
78,2014-04-25,14.232236213216977,14.268690265621,14.305070926350925,14.341308806381617,14.377361222290036,14.413202179069762,14.448816108547547,14.484193955379917,14.51933073049274,14.554223981800963,14.588872838308566,14.623277412621176,14.657438427497716,14.69135698244586,14.725034407856905,14.758472173860184,14.791671833381788,14.824634986583709,14.857363258667421,14.88985828603115,14.922121707648717,14.954155159712094,14.985960272313838,15.017538667404402
79,2014-04-28,14.234709697100193,14.271532486466683,14.308128752637094,14.344486636696246,14.380599415732604,14.416463572332713,14.452077587895063,14.487441188389035,14.522554872928158,14.557419619124794,14.592036698947197,14.626407563649165,14.660533771875423,14.694416944755023,14.728058737864217,14.761460823733856,14.79462488094774,14.8275525873606,14.86024561589097,14.892705631923302,14.924934291715825,14.956933241436769,14.988704116593217,15.020248541705113
80,2014-04-29,14.088757328775973,14.127704747827757,14.165964550143542,14.203695472024698,14.240997420715152,14.277933533721708,14.314543964629282,14.3508544984612,14.386881935808631,14.422637457630298,14.458128728089465,14.493361208738122,14.528338979839246,14.56306525367906,14.597542695390892,14.631773623484861,14.665760135200514,14.699504184878002,14.733007632968361,14.76627227669472,14.799299869246184,14.832092131805096,14.864650761095323,14.896977434131252
81,2014-04-30,13.885805689468238,13.927159322725952,13.967390592040042,14.006818150659633,14.045641820202675,14.08398717197214,14.121933381068883,14.159530629471629,14.19681097938876,14.233795166884132,14.270496846520025,14.306925243414286,14.34308681026137,14.378986262661986,14.414627226024272,14.45001263977755,14.485145009956462,14.520026567047873,14.554659364646351,14.589045341127076,14.623186358212058,14.657084225099238,14.690740713571142,14.724157567467385
82,2014-05-01,13.745066997545232,13.787628278227393,13.828939107612538,13.869363993856268,13.909131404692822,13.94838481276231,13.987214585668506,14.025677908987408,14.063811232990105,14.101638048636135,14.139173745578484,14.176428647186455,14.21340990667974,14.250122691753702,14.286570924696939,14.322757744807125,14.358685797315506,14.394357413924208,14.429774725629628,14.464939733242005,14.499854351475896,14.534520436529126,14.568939803346073,14.603114236436141
83,2014-05-02,13.496339453937201,13.541374469301982,13.58480912270254,13.627135267311889,13.668660936273916,13.709579325109233,13.750011884971459,13.790035242985901,13.829698019387855,13.86903133320477,13.908055365179885,13.946783457659615,13.985224675825151,14.023385407727613,14.061270363864772,14.09888320165193,14.136226915564428,14.173304080895265,14.210117006066014,14.246667827810855,14.282958570673264,14.31899118420861,14.354767566259426,14.39028957753003
84,2014-05-05,13.660212964021941,13.702135308112277,13.743240326943777,13.783728689927358,13.823726514456462,13.863313338006757,13.902539593061837,13.941437524185051,13.98002800823166,14.018324815147471,14.056337269836028,14.094071915132027,14.13153355073997,14.16872588232204,14.205651927035934,14.242314266920488,14.27871520722769,14.314856875371966,14.350741282781353,14.386370363572246,14.421745998745001,14.456870031333814,14.491744275905244,14.52637052452594
85,2014-05-06,13.974057400005877,14.011694505443312,14.049382062273427,14.087000282109365,14.124475044204727,14.1617607538053,14.198829632850286,14.235665029317541,14.272257237237572,14.308600885260809,14.344693305186578,14.38053351272803,14.416121570774482,14.451458191620766,14.486544488492257,14.521381820342885,14.555971694925722,14.590315708269404,14.624415506899073,14.658272764266826,14.69188916605939,14.72526640105167,14.758406155424867,14.79131010924888
86,2014-05-07,13.78526622272621,13.825853556236353,13.865815729916033,13.905283510736293,13.944339325381666,13.98303539782644,14.021405079646605,14.059469927934636,14.097244126804569,14.134737249477148,14.171955983749687,14.208905209907508,14.245588674114991,14.282009409108477,14.318169997032136,14.354072733662663,14.389719731032752,14.425112981572983,14.460254398214575,14.495145839475013,14.529789125162441,14.56418604621952,14.598338370906038,14.63224784869417
87,2014-05-08,13.781862922413854,13.822392119832703,13.862318864828856,13.901765420858942,13.940808900417649,13.979498206339947,14.017864614546637,14.055928384795664,14.093702890251066,14.131197197133664,14.168417676185431,14.20536900933751,14.242054818580383,14.278478058835132,14.314641263403217,14.350546697326369,14.386196453220506,14.421592511174733,14.456736776202625,14.491631101670903,14.52627730396837,14.560677171702661,14.594832471478448,14.62874495153996
88,2014-05-09,13.469629595783992,13.514044345895112,13.557114645128557,13.599236410277937,13.64065768162404,13.6815341386525,13.721963772070012,13.762008538023268,13.801707882137745,13.84108718590555,13.880163041859426,13.918946548185662,13.957445366390335,13.995665006438337,14.03360962941533,14.07128254886158,14.108686543913,14.145824054907376,14.182697305584732,14.219308379442307,14.255659267456826,14.291751897924152,14.327588155130236,14.36316989104646
89,2014-05-12,12.989243121101907,13.03900047193444,13.086523428525535,13.132534447996289,13.177485514342605,13.221659701625944,13.265234597827446,13.308321911587278,13.350992205718358,13.393290342741853,13.435245130299467,13.47687534452557,13.518193491540544,13.559208156454016,13.599925470301095,13.640350026148354,13.680485451219042,13.72033476421016,13.759900598466686,13.799185341386455,13.838191221512812,13.876920362959249,13.915374819433364,13.953556595520832
90,2014-05-13,12.815324039665175,12.865693204632066,12.914002442345751,12.96090589384476,13.006812908856567,13.051979961557635,13.096568051027011,13.140678547259085,13.18437557665782,13.227700001580507,13.270678150454886,13.313327269685056,13.35565892834918,13.397681144437243,13.439399712703914,13.480819033938285,13.521942632873497,13.562773481654997,13.603314201881982,13.643567190818807,13.68353470025106,13.723218885768496,13.762621837579546,13.801745599792268
91,2014-05-14,12.763368822866907,12.812977962051676,12.860931157997811,12.907730090882893,12.953688895669716,12.999004584982673,13.043801026106701,13.088156403335349,13.132120367418583,13.175724744915989,13.218990225905397,13.261930540295799,13.304555065849325,13.346870456852674,13.388881661213443,13.430592555646054,13.472006342365855,13.513125796852052,13.553953422607329,13.594491547839432,13.634742385874516,13.674708072921785,13.71439069169445,13.753792286198085
92,2014-05-15,13.322183142266757,13.36365955696084,13.405228864464206,13.446745063728253,13.48811776802178,13.529291315070239,13.570231721788915,13.610918537810178,13.651339758210842,13.691488646649415,13.731361751516445,13.770957667097743,13.810276259983194,13.849318186012022,13.88808458865206,13.92657691068073,13.964796776620428,14.00274591935841,14.04042613435872,14.077839251104592,14.114987115300666,14.15187157779425,14.18849448769222,14.2248576880978
93,2014-05-16,12.960456574709967,13.00715527617059,13.052813549530311,13.097705334959237,13.142002505108268,13.185813196996614,13.229205746037536,13.272223630206529,13.314894801046854,13.357237509881381,13.399263945671752,13.440982506495361,13.482399217868892,13.52351861837253,13.56434431266261,13.604879316805228,13.645126273937167,13.685087588960481,13.724765512682321,13.764162194388716,13.803279714708616,13.842120106171116,13.880685366078204,13.918977464579145
94,2014-05-19,12.895836531455283,12.942914875545457,12.988954400877667,13.034227527400049,13.078905165439066,13.123094845348863,13.166864522497947,13.210257439141454,13.253301402964947,13.2960145798674,13.338409110528138,13.380493368327274,13.422273369041317,13.463753650978276,13.504937824499454,13.545828915133846,13.586429577828824,13.626742230748913,13.666769138846863,13.706512466076523,13.745974308028003,13.785156712339912,13.824061691480345,13.862691230763309
95,2014-05-20,13.199591346224286,13.242393645517499,13.285056910011898,13.327520465980239,13.369747225142227,13.411714821596268,13.453410077274677,13.494825545910814,13.535957354942568,13.576803857918044,13.61736479302294,13.657640757657697,13.697632880373181,13.737342616047547,13.776771618021382,13.815921658289527,13.854794577701874,13.893392254903127,13.931716586973934,13.969769477378758,14.007552828476186,14.045068536878034,14.082318490587145,14.11930456724562
96,2014-05-21,12.610259920186397,12.660945657370126,12.709885089350355,12.757612044634728,12.804460664154677,12.850640414810512,12.896282921587304,12.94147120558474,12.986257937796905,13.030676835260921,13.07474977588412,13.118491240378187,13.161911085466107,13.205016275277606,13.247811962325848,13.29030216241777,13.332490176050822,13.374378851537154,13.415970749315571,13.45726824457329,13.498273591353291,13.53898896261628,13.579416475290493,13.619558205948906
97,2014-05-22,12.580703794847242,12.630665864551304,12.6792191087092,12.726770178864093,12.773573809673596,12.819789889623127,12.865519089691423,12.910825105979729,12.955748545584605,13.000315595438817,13.044543434215932,13.08844361096493,13.13202415439628,13.175290889727338,13.218248260815377,13.26089984344684,13.30324866581848,13.345297408650246,13.387048530153288,13.42850434408555,13.469667068520193,13.510538856330074,13.551121814257476,13.59141801485748
98,2014-05-23,12.139134131727419,12.19387982083716,12.246423515060563,12.2974630558152,12.347434983957916,12.3966127172,12.445167837338378,12.493208348813775,12.54080256163489,12.587994000322313,12.634810710850974,12.681271070546643,12.727387414953466,12.7731683019469,12.818619925147614,12.863746996286867,12.908553296064827,12.953042018065581,12.997215983487603,13.041077775230573,13.084629821640148,13.127874448826475,13.170813913364572,13.21345042274782
99,2014-05-27,12.124565876152236,12.17799110795963,12.229742689199545,12.280319743440083,12.330034766660088,12.379083744875818,12.427589925580751,12.475631142402904,12.52325687274854,12.570498886194134,12.617377891859999,12.66390768812136,12.710097753136637,12.755954862045218,12.801484096556901,12.846689475237469,12.891574347011034,12.936141636848543,12.980393999182258,13.02433391371723,13.067963745283443,13.111285781239802,13.154302254864449,13.197015359996625
100,2014-05-28,12.184854882199136,12.236524703753702,12.28703651981651,12.336696714215098,12.38569746049181,12.434159627808976,12.482159565835968,12.529745825778294,12.576949598848188,12.623791232726136,12.670284299631986,12.716438135940642,12.762259427629568,12.807753200068007,12.8529234359547,12.89777346111981,12.942306185411248,12.986524253114382,13.03043013689588,13.074026196491129,13.117314715381841,13.16029792373334,13.202978012753878,13.245357143698724
101,2014-05-29,12.103530819976157,12.155726507669744,12.206745838693681,12.256900915306577,12.306387484147526,12.355328649885305,12.403802163706402,12.451857458321797,12.499526282191548,12.546829338031937,12.593780426977645,12.640389035637561,12.68666195111958,12.73260426926039,12.778220024060396,12.82351258065396,12.868484880665209,12.913139595414538,12.957479221600224,13.001506141069553,13.045222658172406,13.088631023120254,13.131733446608726,13.174532108986108
102,2014-05-30,11.971729509034102,12.025071863036972,12.077101240471553,12.128179166584424,12.17853223011452,12.228302787418896,12.277580611460778,12.326422646795738,12.37486534045609,12.42293233879458,12.47063929181195,12.517996852008334,12.565012546276503,12.611691944360317,12.658039388236759,12.704058447431192,12.749752203262886,12.795123426310465,12.84017468722612,12.884908425946636,12.929326994935781,12.973432686217187,13.017227748289057,13.060714396722982
